17.70
10.05
19.48
19.46
14.96
19.08
11.49
13.34
7.94
8.70
10.31
16.18
19.86
16.01
8.31
17.17
15.63
11.47
6.77
11.01
9.45
16.82
12.64
10.57
19.79
13.02
13.77
14.78
19.95
5.88
9.44
5.76
12.14
9.11
7.60
6.93
17.87
9.17
7.34
17.69
4.24
19.32
12.09
7.65
4.51
9.93
18.53
6.48
8.71
4.87
5.21
17.79
5.78
15.67
13.10
15.73
4.96
11.79
17.98
7.55
12.21
12.23
18.15
6.96
10.95
16.99
9.09
9.04
8.03
4.01
19.23
10.72
6.94
17.48
14.34
16.01
13.94
4.58
16.35
8.03
13.20
13.97
15.91
16.82
9.09
18.46
6.96
12.17
14.69
11.75
14.66
7.06
7.02
18.66
16.63
6.17
10.79
17.90
13.69
14.17
10.37
6.42
13.64
17.17
18.90
19.43
19.82
13.74
13.60
8.01
19.25
14.38
18.41
16.96
6.06
18.40
17.50
12.56
13.34
5.33
5.41
13.66
7.72
8.69
17.04
11.27
12.07
19.04
13.87
14.78
7.26
16.21
7.87
17.35
13.98
17.43
8.34
7.30
18.37
7.59
6.88
10.67
10.87
7.55
4.30
10.96
9.08
18.17
11.55
11.29
7.35
15.79
17.23
17.45
6.76
14.78
5.70
19.26
7.79
14.20
4.15
7.06
9.74
10.76
13.77
17.03
11.42
10.77
17.49
8.63
4.35
17.56
7.58
5.18
14.77
17.42
6.49
11.80
12.31
13.59
4.11
14.34
6.86
8.26
13.85
18.60
12.20
9.80
12.63
11.71
11.51
15.17
12.00
11.75
8.39
19.90
12.64
5.27
19.23
5.52
